13.9
10.2
11.0
20.6
16.6
3.73
3.99
4.36
3.71
2.54
2.44
12.3
3.65
2.28
2.43
9.90
4.75
2.48
5.07
3.05
7.69
2.25
2.04
20.8
5.69
6.35
6.47
10.9
7.88
3.79
11.7
8.67
3.35
6.77
2.13
8.16
3.78
1.86
3.53
2.23
5.68
2.07
3.79
2.83
0.980
2.25
6.09
0.806
4.61
6.29
0.881
2.29
0.745
7.13
4.85
0.979
0.943
1.45
2.78
0.833
1.69
1.05
0.795
4.36
6.97
2.36
6.06
2.75
1.24
0.906
5.38
12.6
1.19
8.13
3.80
4.55
0.767
2.56
0.901
0.871
0.888
4.49
17.8
0.720
9.32
12.1
25.4
2.60
14.9
9.94
22.8
18.8
7.36
17.9
2.23
0.933
1.72
6.50
9.98
54.7
21.9
7.47
16.2
25.2
119
49.4
22.7
29.9
7.78
0.923
4.34
25.0
15.2
37.2
23.3
10.1
25.8
7.37
15.4
144
29.6
34.6
13.2
12.5
3.23
13.5
21.2
0.890
37.1
37.1
0.974
16.7
7.30
25.0
16.1
2.18
0.935
421
17.7
0.756
7.45
22.6
6.60
6.80
11.5
11.0
58.4
275
83.2
25.7
12.3
35.0
0.899
16.4
35.4
19.5
30.4
119
33.5
14.0
649
14.5
37.7
14.0
300
475
26.7
186
20.0
40.7
55.8
10.0
52.4
67.0
19.2
30.7
13.0
62.9
69.0
32.8
392
1172
175
117
57.7
84.5
44.7
57.4
4.30
73.7
50.3
40.7
41.6
54.0
114
43.3
81.3
133
39.4
153
78.6
49.9
2.15
230
357
61.4
68.8
91.0
66.2
54.7
8.95
78.0
182
58.3
45.3
38.9
10.6
131
453
100
413
85.0
58.0
79.7
120
954
104
6.43
13.0
162
32.3
22.2
313
28.1
79.6
109
125
98.3
166
124
22.1
549
576
1127
99.1
231
87.2
64.1
2.79
37.9
44.6
52.2
64.8
3.15
173
78.8
93.8
245
27.6
27.9
75.4
105
49.3
207
1116
301
1895
918
239
52.9
81.4
237
64.0
144
60.2
219
227
563
24.3
549
64.2
639
57.6
171
120
83.6
11.5
99.9
104
59.9
14.4
35.4
130
67.5
37.7
10.0
32.5
50.3
208
115
64.1
37.8
47.5
10.2
5.47
13.3
137
84.5
23.3
123
79.0
67.2
42.9
79.6
209
221
143
199
124
143
84.4
88.0
68.2
349
120
89.1
38.7
19.9
151
133
19.9
89.7
68.5
41.4
52.1
301
94.4
20.5
7.84
60.2
136
29.7
63.1
102
7.50
72.0
118
313
39.8
43.5
237
337
172
51.3
0.880
59.8
69.5
263
12.8
41.7
125
98.9
359
21.5
3.29
22.4
63.4
44.5
22.0
8.59
3.78
10.9
31.2
108
355
39.9
44.9
2.92
72.8
775
67.7
65.9
73.9
37.0
58.5
53.6
39.9
48.9
24.9
18.9
218
37.5
17.9
39.7
41.2
65.7
26.5
14.3
22.7
34.9
130
110
1.67
133
240
41.5
38.2
32.8
13.3
20.7
18.6
143
10.0
10.8
6.84
6.31
55.7
248
202
175
79.1
25.4
2.53
31.5
16.0
11.2
14.2
7.92
26.8
3.15
6.28
27.3
19.8
12.5
6.95
150
0.963
20.7
3.19
9.34
4.84
14.2
30.0
2.27
2.46
17.9
5.31
20.2
16.0
34.1
91.2
27.3
12.4
16.0
52.2
12.8
12.2
32.7
30.6
447
75.0
54.5
31.5
52.2
169
32.8
14.1
71.6
16.3
43.0
26.8
139
49.5
14.4
10.2
13.2
50.1
55.8
215
16.1
28.3
44.2
66.9
33.8
804
41.2
129
43.2
5.24
24.4
71.6
446
86.1
7.68
30.3
27.1
10.3
21.7
9.68
39.3
53.4
37.7
13.1
7.35
24.7
2.94
3.11
10.3
27.9
14.5
16.8
19.9
122
15.6
20.4
9.54
331
43.2
2.14
3.63
27.5
21.5
9.94
15.0
61.0
1.63
11.7
24.4
54.8
308
14.5
1.64
2.55
7.60
16.6
19.7
6.14
43.8
2.08
15.8
23.1
4.36
6.62
41.5
15.7
7.83
22.9
23.9
19.8
10.6
24.9
16.8
4.45
20.9
14.5
1.12
123
6.68
17.4
15.0
19.5
34.4
1.04
22.6
49.6
28.2
38.5
11.6
9.90
36.0
37.4
11.5
5.27
34.6
171
671
240
3.47
18.8
15.7
0.949
3.13
2.81
7.60
2.40
16.7
24.9
2.18
6.62
0.760
9.71
5.76
2.99
0.941
0.923
2.49
2.37
0.921
1.10
0.819
3.97
0.776
0.903
0.843
0.848
0.867
16.9
57.3
0.781
10.4
4.27
5.72
25.2
9.03
15.3
22.0
11.2
34.6
25.5
2.56
19.0
36.5
9.69
16.4
26.8
9.22
9.16
123
133
32.0
26.9
34.4
15.3
2.14
28.0
47.6
27.8
38.2
57.6
118
5.69
30.0
41.0
72.2
17.9
66.4
15.2
36.5
51.9
13.9
23.2
56.7
28.1
23.5
41.3
9.92
20.0
27.6
18.9
194
9.02
63.7
199
139
844
114
970
12.1
175
632
252
368
164
130
53.0
37.4
28.3
144
35.8
77.1
195
6.26
35.8
72.4
183
136
375
35.1
78.7
197
13.8
23.6
73.5
559
62.0
56.4
67.6
22.8
69.3
66.9
1022
12.3
7.33
21.9
39.7
13.7
2.05
2.87
3.47
2.81
4.57
2.15
7.02
0.826
6.47
2.05
1.67
13.4
0.799
2.63
2.12
4.06
0.785
3.88
0.735
6.94
1.94
18.8
19.4
245
136
12.7
21.6
25.8
20.1
93.6
14.0
22.8
11.1
18.4
11.3
44.1
36.9
14.7
0.996
93.1
11.2
42.2
26.8
18.5
8.61
27.4
14.4
72.7
35.1
12.7
13.5
13.8
67.5
16.1
19.7
50.9
29.3
52.8
58.6
37.8
23.1
8.63
9.40
12.8
5.21
33.8
55.2
14.6
13.4
14.9
36.1
8.90
27.0
36.9
48.7
18.1
168
27.2
46.9
2.39
23.6
10.5
32.4
8.32
17.0
26.1
12.6
31.4
147
12.7
34.2
21.1
14.7
21.9
21.2
16.3
8.64
13.2
37.7
2.89
13.3
91.6
19.0
18.8
18.3
9.99
11.7
46.5
9.48
23.6
19.4
29.6
11.7
21.8
34.3
13.6
59.5
33.9
34.0
52.4
35.3
19.4
10.1
10.5
23.8
25.3
21.8
47.2
26.2
42.2
58.1
6.49
35.0
48.2
33.6
15.0
28.4
1.33
61.7
58.3
86.2
8.50
6.16
7.94
26.1
30.3
15.0
18.9
51.7
27.5
20.2
22.7
2.98
0.963
2.11
2.41
2.16
0.924
0.893
0.641
0.774
4.30
2.54
0.894
0.792
2.76
0.757
1.03
3.95
0.782
2.41
0.722
0.815
1.51
3.33
0.912
2.37
2.35
4.81
15.3
2.67
8.73
2.49
1.56
6.20
7.36
1.25
9.96
1.44
13.6
4.75
10.8
0.927
3.18
3.23
8.21
6.70
6.09
1.76
4.32
6.72
17.3
6.08
4.16
19.4
2.35
2.10
12.0
0.904
0.872
10.9
2.80
2.32
21.3
6.22
18.3
20.9
4.25
2.83
15.4
20.3
2.79
23.6
1.93
0.798
2.33
3.31
9.48
35.0
12.4
31.9
4.52
3.65
10.4
4.04
3.61
43.8
4.31
11.9
1.74
16.9
10.5
1.98
25.5
38.0
6.89
254
86.5
210
20.5
461
2.81
53.9
40.2
25.0
6.76
32.4
11.2
13.8
21.6
15.1
116
172
115
35.2
17.1
32.4
21.6
21.9
16.2
56.2
59.3
35.0
243
9.90
9.31
21.0
15.3
24.2
14.7
6.27
18.1
4.10
15.9
163
4.46
17.4
4.92
4.79
1.76
3.17
2.61
1.77
