








































































0.002129796

0.000033943

0.000005987

0.000004180

0.000005256

0.000004077

0.000003749

0.000013159

0.000015378

0.000004408

0.000003236

0.000003523

0.000003861

0.000015562

0.000006786

0.000004681

0.000004611


0.000017148

0.000854380


0.001179563

0.001320936
0.000910185







0.001939755
0.000044996

0.001509080

0.001165376
0.000035330


0.001323893
0.000974488


0.001446177
0.000034876
0.001203882
0.000024983

0.001185974

0.001395508

0.000680437


0.000051695

0.001254538
0.000039264


0.001181859
0.001183393
0.000017183

0.001217186


0.013480594
0.018562141

0.000026343

0.000005179

0.000004550

0.000003815


0.000012775
0.001491937

0.000026152

0.000004247

0.000424180












0.000756029


0.001057289

0.000029668

0.002299461


0.000959725




0.000026510

0.000028372


0.000025320

0.000005183


0.014525223
0.008042027
0.000872254

0.042442221



0.000348176
0.043037325

0.000027833

0.000019800

0.000006778

0.000014656




0.002355261
0.003255780

0.006081563
0.006596259
0.004395949



0.000107578

0.000132482


0.000652635

0.001698594


0.000024329

0.000022819

0.000004973


0.003330731


0.000024042


0.000853662

0.000721328

0.000080872

0.000714732


0.000039567


0.000021819


0.000119840

0.000025200

0.000100044

0.000026639

0.000006753
0.042964162



0.004353127
0.005321768


0.001096142
0.000968336

0.000731734

0.000027688

0.000008045


0.000372509

0.000541664

0.000054198


0.001308239
0.000319423


0.001019939
0.043568175


0.000035467

0.000026380



0.001017516




0.000023185


0.002328156


0.001165381
0.003933114
0.000031991

0.001860378
0.036822248
0.000035201


0.000022148
0.000860827


0.003063725
0.041827874

0.000030661





0.001856679
0.001832358
0.000841893

0.000030565




0.001274580
0.001275509
0.001595190
0.001405497



0.000023647

0.000007501

0.000032311

0.000751796

0.000883229






0.000017259





0.005432769

0.001441550

0.000029809

0.000021090


0.004431105
0.040101193


0.040616861


0.001986225



0.001014206
0.000027437


0.000946885
0.003687139
0.000031966

0.001412136

0.000026880

0.000007618

0.000020962



0.000036460

0.000013919

0.004125534


0.000929009
0.000931201










0.001254897
0.001746064


0.001628940
0.001866075



0.000027509

0.000004139
0.001764545
0.001752970


0.001579158
0.001877915

0.000252531


0.001022652

0.000059251

0.000126184

0.000028873




0.003330842
0.003332259
0.004816171
0.004819744

0.034250245


0.000051278


0.016233578
0.004834916
0.005150148

0.000028369



0.000023025
0.001114659



0.001649606
0.001168175
0.001646213
0.001665917


0.000248759


0.000701160

0.001050525

0.000071372


0.000049091
0.001048450



0.000956166
0.003429082
0.003750900

0.000019087

0.002474798

0.000027847

0.000005479



0.001488503
0.001771615
0.001779121

0.000022146

0.001237069


0.001231681
0.000030978


0.002433344

0.004995532


0.000969458

0.041872053

0.000026783
0.041441432




0.000054659




0.000182727


0.000102041

0.040683522
0.040714536
0.040753840
0.002399918
0.041303632
0.041928913







0.000875077
0.001198373
0.001054792
0.001050021
0.001047837


0.000888906

0.000677915




0.000610805



0.000961058
0.000199230
0.001272997
0.039906141

0.001034298



0.000029471

0.000015665

0.000023890

0.000009389

0.000191645

0.000008501

0.000003679


0.000943829
0.001517198


0.000900965


0.001795269


0.000195313
0.041664554
0.000217962
0.039948143
0.000093114


0.000114971




0.000063409


0.000178897

0.000139154
0.001439743
0.043249716




0.000291359
0.001328914
0.052879814

0.000822343
0.053747304
0.034561955
0.043261173


0.000020089

0.000010004

0.000011816

0.000003826

0.000005558


0.000012036


0.002210967
0.003365011
0.055094671


0.000243227



0.000296085

0.002171982



0.000161974

0.000037826

0.000035210

0.000041802

0.000016162

0.058173342


0.040827143

0.000044219


0.001242928
0.001106871

0.001680824
0.047237116
0.042522760

0.000068537

0.000032357

0.000057001




0.000370384

0.007027291
0.003322776

0.000889584





0.000493238

0.000756030

0.000059105




0.042674682

0.000070137


0.003830835

0.000031141

0.001050051


0.039173341
0.000041859




0.001361467
0.001348552
0.000011524
0.001084320
0.001069127
0.000005527
0.043471925

0.000994747


0.000082192



0.001551355







0.002789410

0.000028958

0.000965071

0.007808550
0.000896241

0.031559482
0.001344506



0.047065987











0.001966558

0.000052867











0.002705444
0.002721803


0.002793136
0.002809554
0.002908210
0.002920751
0.003582555
0.003607711
0.001806592
0.001792274
0.001182060
0.001440939


0.004375851


0.041200905
0.000971277

0.041063044

0.001069019

0.000032056



0.000030274


0.002473915

0.000060949

0.002902528


0.044284852

0.001041101

0.000069241

0.002753957

0.001136790




0.000032993
0.043633033





0.008265127
0.008462294
0.000016549
0.008782607
0.000025213

0.005187133


0.000069182

0.001251004

0.000069682

0.001285591

0.000050897

0.001287053

0.000048453




0.003363507



0.000037157











0.001218127

0.043515968





0.001322245

0.000065167

0.000998441


0.043831801




0.006560644

0.000060444

0.001018300


0.040385104

0.001057122

0.000070741

0.001024641

0.000045915













0.003945110

0.003974648
0.003979501
0.003984235
0.003987358
0.004507365
0.004511469
0.004512418
0.004513778
0.004514695
0.000897480









0.000075978



0.002548136

0.000060730

0.001006992


0.040321846


0.001029641

0.000068331

0.000014889

0.000014301

0.000050671

0.000056980

0.000017000

0.000013729

0.000036093

0.000052057

0.000022761

0.000017028

0.000015301



0.000053381

0.000033092



0.000107924


0.000033853


0.000108221










0.000063970

0.000049490




0.000173655


0.000046827



0.000179246


0.000020210






0.000057485


0.000020807










0.000041767


0.000014296














0.000024093

0.000022971


0.000083789

0.000044569


0.000079777

0.000018232

0.000020088

0.000043239











0.000034361

0.000019130


0.000013987







0.000037810


0.000005894













0.000013152
0.000043491


0.000006113




0.000014425

0.000007650


0.000006540


0.000015913

0.000010554




0.000078681


0.000005983

0.000047315









0.000026748


0.000017181


0.000070091


0.000006476

0.000034137

0.000012034








0.000011147

0.000011971



0.000054589

0.000021642











0.000056519


0.000006768

0.000011092


0.000060094


0.000009771






0.000027683



0.000043478

0.000039287









0.000031723

0.000185882

0.000035528


0.000093924


0.000034054






0.000047569

0.000022781




0.000070085
0.000138873

0.000046642



0.000062663
0.000145980

0.000054119

0.000071636

0.000085665

0.000048000


0.000058591



0.000067140


0.000046851


0.000045404

0.000034929


0.000058568

0.000041785


0.000039790


0.000022700

0.000042065

0.000191767

0.000858190


0.000069959


0.000006744

0.000010439



0.000084569

0.000026767


0.000044237






0.000144024


0.000020704











0.000044721
0.000170917

0.000051224











0.000082644

0.000136801


0.000036120


0.000063236

0.000075542









0.000064714


0.000051765


0.000054503


0.000032080







0.000063444

0.000036714


0.000116411


0.000022096




0.000043455

0.000023352

0.000022980


0.000098182

0.000037172

0.000213691





0.000095417

0.000047067





0.000071931

0.000037859

0.000067084


0.000102910

0.000037864



0.000109872

0.000044875



0.000055671


0.000039159


0.000014545









0.000027396

0.000024224


0.000043030


0.000023015


0.000091912



0.000130929


0.000013842


0.000039244


0.000013117

0.000098577




0.000049666


0.000038540

0.000065484










0.000042816

0.000038208







0.000082955


0.000009595


0.000066431


0.000025920


0.000013223

0.000039182


0.000107561

0.000039090

0.000139120


0.000124360

0.000027737





0.000090442









0.000032944








0.000076460








0.000253918


0.000027192

0.000152702

0.000489549









0.003510351



0.000188168


0.000030417

0.000031871

0.000056946



0.000101347

0.000048550



0.000101637


0.006548594



0.000062890





0.000074934

0.000090097







0.000008773
0.000127887

0.000015313

0.000063242








0.001185799




0.000171201


0.000051688



0.000164757

0.000042610



0.000079218



0.000122595


0.000029074


0.000075688

0.000048255





0.000096730





0.000152350


0.000020282














0.000041119



0.000062372


0.000020846


0.000047050

0.000091616






0.000063765


0.000032954

0.000139081



0.000106270


0.000020683







0.000039583

0.000109558

0.000033542









0.000064337

0.000037879


0.000148270



0.000102940

0.000042679


0.000051556

0.000029233

0.000175941


0.000029782




0.000142698

0.000180102


0.000033115


0.000137976


0.000032643



0.000135610

0.000174711


0.000029109

0.000033299


0.000033026




0.000083230


0.000034966

0.000034353



0.000108383

0.000037455



0.000031327


0.000021351

0.000071693

0.000042626


0.000131521


0.000033885


0.000033104



0.000121508


0.000021389


0.000089564













0.000076272


0.000054541






0.000070582


0.000032961





0.000040840

0.000036050

0.000033328

0.000137279

0.000034383


0.000135217



0.000122531

0.000044784






0.000088482
0.000048279


0.000039156


0.000143361





0.000031480


0.000047003
0.000133286

0.000033537




0.000076842

0.000034713





0.000174132

0.000033652


0.000099454



0.000130745




0.000093439

0.000046744

0.000127554


0.000028821


0.000031946






0.000056630

0.000046666






0.000051238

0.000037237



0.000152233


0.000027605


0.000033865



0.000053658


0.000027052

0.000020438


0.000025414

0.000155381




0.000079941


0.000024613

0.000049004

0.000033706


0.000022841


0.000026949

0.006532984





0.000071476


0.000009541




0.000070320

0.000013662

0.000011404

0.000007641


0.000006698





0.000041300

0.000033776


0.000057780











0.000030822



0.000010230






0.000102992


0.000012520






0.000057164

0.000032691


0.000117374



0.000087662

0.000027111







0.000120051


0.000006142


0.000010246











0.000042903

0.000011997



0.000043088


0.000013500






0.000047966


0.000010326












0.000046688


0.000007705


0.000006213



0.000014100



0.000045839


0.000006065


0.000049052














0.000025618

0.000017003



0.000010256









0.000020992


0.000010324







0.000038919

0.000010219


0.000033043

0.000121077


0.000006615

0.000021862


0.000084486




0.000071632


0.000108151

0.000017424





0.000065064











0.000028508


0.000015614





0.000076353




0.000072945


0.000010954


0.000011058


0.000068898


0.000024348


0.000100989


0.000024404

0.000174953


0.000141187


0.000135003

0.000190041

0.000044167


0.000034657


0.000034674





0.000074395


0.000031588


0.000041198




0.000080693






0.000102276


0.000021950

0.000029185



0.000112823


0.000033584


0.000142804

0.000032098

0.000033755


0.000041963

0.000166495


0.000130363










0.000036934

0.000036211

0.000139140


0.000037349





0.000050546

0.000044651

0.000028300


0.000027012

0.000033717


0.000032985


0.000124710

0.000171232


0.000152264



0.000134028
0.035628164





0.000099053


0.000028262


0.000033134








0.000070275

0.000116525


0.000025548


0.000020541


0.000101996


0.000135807


0.000027130


0.000019639


0.000030731


0.000100740


0.000099149

0.000042407

0.000043561

0.000042517

0.000020810

0.000018105

0.000048249

0.000012833





0.000270398

0.000037491




0.000094080


0.000022229


0.000051816


0.000033477



0.000130645



0.000013138

0.000008849

0.000007234

0.000008598


0.000006166

0.000006848

0.000006232

0.000044912

0.000018550

0.000008178

0.000021405
0.000294730

0.000998001



0.000150674





0.000078307



0.000124127


0.000022392


0.000094141




0.000120281








0.002122671
0.001675866
0.002117122
0.000021382
0.001708565
0.000014638
0.001495429
0.001482144
0.000010918

0.002134548
0.000087414


0.003460981
0.000967416
0.000050282

0.001023097


0.007400788


0.000039095





0.000082471


0.000165919

0.000052287




0.000157734


0.000224007


0.000023256


0.000020473





0.000090146


0.000020595


0.000032675

0.000137145


0.000105417




0.000109736


0.000020336


0.000090355






0.000065887


0.000022452


0.000020187







0.000081950


0.000024720


0.000028732




0.000082672

0.000035864

0.000125682


0.000033648





0.000165139






0.000071058


0.000025868

0.000061657

0.000036715


0.000121100

0.000041597









0.000079197

0.000044576






0.000040483


0.000021909






0.000042496

0.000037193





0.000083347

0.000034954





0.000047614


0.000022660





0.000066150

0.000041321



0.000133907


0.000045029


0.000034072






0.000040564






0.000064605


0.000028619






0.000028432


0.000078641


0.000036993


0.000027889




0.000021074


0.000101932

0.000041492





0.000071278


0.000019708



0.000090158

0.000131489

0.000035444

0.000034735









0.000088379





0.000023055

0.000043879





0.000069491


0.000045060










0.000055694



0.000115617

0.000050416



0.000105614




0.000117608

0.000038350








0.000048916
0.000141273


0.000024068

0.000030314


0.000111094

0.001204076







0.000137687



0.000126575


0.000136623

0.000033838

0.000035177


0.000019639





0.000047778


0.000038905




0.000126563



0.000118048













0.000044478


0.000037091


0.000036304











0.000045208
0.000186053


0.000020577











0.000037025

0.000116647


0.000031858



0.000103406


0.000020136


0.000019635



0.000060262

0.000094957

0.000122795

0.000132426

0.000020107


0.000135380


0.000018448


0.000165903


0.000033777



0.000124817

0.000192324


0.000033397


0.000020535





0.000079461





0.000039083
0.000051069

0.000050872


0.000025578









0.000036271

0.000018980





0.000052477


0.000014649


0.000097974


0.000060999


0.000010831


0.000023370


0.000094551


0.000010032




0.000037748


0.000015143



0.000071513


0.000010901


0.000009861

0.000017476


0.000020557







0.000009308


0.000029096


0.000059367



0.000014966

0.000007431


0.000008465





0.000027182




0.000022732





0.000078496


0.000010899







0.000036422

0.000058034


0.000011358


0.000052833


0.000017544


0.000036037

0.000018329

0.014630610

0.000094078

0.000017299
0.015351060
0.014309504
0.002113861





0.000067872




0.000070000


0.000020081


0.000073748


0.000016558


0.000010192


0.000019776

0.000166753


0.000011044

0.000123282


0.000050268


0.000028731

0.000105216







0.000021596


0.000009865


0.000007572






0.000212280

0.000028731


0.000086250

0.000082787





0.000071606


0.000011104

0.000076590

0.000067288


0.000067805

0.000013345


0.000106207

0.000166171















0.000038255


0.000011092






0.000040145



0.000165043
0.043102069











0.003861462
0.003863815
0.005187275
0.005207888
0.005211121
0.004651037
0.004989409

0.001430452



0.000151316



0.000113051





0.000071014


0.000021658


0.000034791


0.000033830

0.020570991
0.001398215






0.000136109


0.000020435



0.000065195


0.000022742


0.000107676




0.000142396

0.000065717




0.002127246








0.000136415


0.000034343



0.000068432

0.000038733


0.000033666

0.000156048

0.000034119



0.000105450


0.000020245


0.000100930



0.000123992

0.000036192




0.000078207


0.000103230


0.000027343






0.000038262
0.000143815

0.000062903


0.000131077

0.000044506


0.000222853


0.000144166

0.000134988

0.000044572


0.000053709

0.000030200

0.000076213

0.000040958



0.000041107

0.000023522


0.000039203


0.000014598

0.000056652

0.000048877


0.000011989


0.000013972


0.000019929

0.000062214






0.000071517

0.000118785


0.000105567


0.000053023

0.000029706


0.000115627



0.000050450




0.000117813


0.000021394


0.000012872


0.000056883


0.000030132


0.000008626




0.000040647

0.000024235



0.000061087

0.000025028





0.000038024


0.000013781



0.000036478


0.000010853



0.000031643






0.000072613


0.000016330

0.000094115



0.000167031

0.000051680


0.000258789






0.000086029

0.000016542



0.000064212

0.000011474


0.000005151


0.000027076





0.000085704

0.000010951



0.000053027


0.000015001



0.000095381

0.000018046

0.000071526

0.000010473

0.000011206

0.000055349

0.000026362




0.000071278


0.000007902


0.000014712

0.000083099


0.000061196

0.000143464









0.000016339
0.000072544


0.000009006



0.000057316


0.000069774

0.000964672


0.000053139


0.000057965

0.000069238

0.000095464

0.000121940

0.000017173

0.000022749


0.000010078

0.000102097

0.000103799

0.000011216

0.000011833


0.000030616

0.000030531




0.000042804


0.000019816


0.000019603

0.000102530

0.000159433



0.000125437


0.000017441

0.000026974

0.000021105


0.000022017



0.000142298


0.000020381

0.000176222

0.000022736


0.000015995

0.000021078

0.000032014

0.000024175

0.000077489




0.000069216

0.000037864




0.000082304

0.000037104


0.000116233


0.000034460


0.000089678

0.000027395


0.000036496

0.000040804


0.000076590

0.000030648


0.000028048


0.000046074

0.000146787

0.000069642

0.000064688



0.000047329






0.000036930

0.000028689



0.000085656





0.000080093


0.000018243


0.000009655





0.000014616


0.000026134


0.000089236






0.000011526



0.000010479

0.000032405


0.000014201






0.000009683


0.000039185


0.000009093

0.000025425

0.000027076




0.000084108


0.000165767


0.000010982



0.000065517


0.000029687

0.000053333


0.000069324



0.000015218


0.000035262



0.000027163

0.000046637


0.000030391





0.000059275

0.000017928


0.000012212








0.000037915

0.000111500


0.000034804

0.000060986


0.000132217


0.000070451

0.000217103


0.000026775


0.000123079


0.000037864


0.000093233


0.000141733
0.000121560


0.000222025


0.000221691

0.000045185


0.000022167

0.000041063


0.000080862


0.000034890


0.000024754


0.000015297


0.000008578

0.000029002





0.000061809

0.000057681










0.000063539

0.000026643


0.000069666



0.000072426



0.000023913

0.000027494






0.000034649

0.000056630


0.000012384





0.000076391


0.000045555




0.000128019



0.000080708








0.000042099

0.000011241



0.000030289



0.000025094


0.000010326

0.000013385







0.000050093


0.000015781









0.000048359

0.041342757



0.003339306


0.000055778


0.000033719


0.000073111


0.000011149


0.000066986


0.000043447




0.000085645

0.000067545


0.000010122

0.000861752









0.000050980


0.000011834


0.000014265




0.000060866











0.002138093


0.000035548


0.000033691


0.000128841


0.000149312

0.000129413


0.000082753

0.000036575


0.000024698




0.000043098
0.000064836



0.000088624

0.000040636







0.000058259

0.000037495



0.000086598


0.000097259


0.000040494


0.000040882


0.000099478


0.000019783


0.000105108


0.000032509


0.000032426





0.000079021

0.000033959









0.000054387


0.000030242


0.000036671


0.000130930


0.000138722

0.000033154




0.000063667


0.000142593







0.000081677


0.000032679


0.000183291







0.000043478


0.000022804

0.000071764


0.000091575


0.000020926


0.000020626


0.000019485

0.000176083


0.000142644


0.000021060


0.000034186


0.000033239

0.000167505


0.000139416


0.000177639

0.000044557


0.000034438

0.000125591


0.000083716

0.000137935


0.000026454


0.000023337


0.000022162


0.000094533


0.000103253

0.000136617


0.000030793


0.000078268

0.000115458




0.000074049

0.000034381


0.000032019

0.000215483

0.000111738


0.000022815

0.000035095


0.000141060


0.000114562




0.000095770




0.000104077


0.000022720










0.000025338


0.000016316

0.000079051







0.000102378


0.000021710


0.000135584

0.000097802

0.000014222


0.000057865

0.000627827



0.000084957


0.000006757










0.000021516


0.000008788


0.000007416


0.000052779


0.000035662

0.000235695


0.000010925











0.000011433

0.000013099







0.000043554


0.000015193







0.000073557

0.000037986






0.000048362

0.000069406




0.000076587

0.000014874

0.000025241



0.000062164


0.000011519





0.000017590


0.000022812






0.000027501


0.000013657


0.000038703


0.000006343

0.003122499

0.000147834

0.000017702




0.000064145




0.000034206









0.000041222

0.000024773












0.000047669


0.000043741


0.000024892








0.000026783



0.000046395


0.000011607

0.000060511










0.000010534

0.000058617


0.000012007








0.000009711
0.000052940


0.000011821


0.000031663




0.000069122



0.000027807


0.000007255


0.000010307

0.000032240


0.000007151


0.000005902


0.000009790


0.000053393


0.000021831


0.000112729


0.000034066

0.000164948

0.000021419


0.000041910


0.000045768


0.000303984


0.000015808



0.000090380


0.000046064

0.000070608



0.000053165

0.000025236


0.000080845

0.000011515


0.000078097

0.000075947





0.000053829


0.000010469









0.000054181

0.000025757

0.000049641

0.000026228

0.000012203


0.000011322

0.000033479


0.000040269

0.000046208

0.000012814

0.000018025

0.000023987







0.000039005


0.000015810



0.000040682

0.000215870



0.000081917

0.000025206




0.000049456

0.000012131

0.000046963




0.000308654


0.000008459









0.000013754

0.000013708



0.000036879


0.000014164


0.000006645



0.000017482


0.000025087


0.000140102





0.000064483


0.000010775







0.000040316

0.000013424


0.000011159


0.000011507


0.000014911


0.000010832


0.000011244


0.000127144






0.000030232

0.000024835










0.000037383


0.000070263

0.000033896










0.000042919


0.000015100


0.000140340


0.000148894



0.000083956


0.000008284



0.000099654


0.000099169


0.000010587



0.000027044


0.000021937

0.000012059


0.000011117


0.000013173




0.000084197


0.000011670



0.000056977


0.000094480

0.000066838


0.000175974


0.000017012


0.000061808


0.000031395


0.000009863


0.000023563

0.000021304










0.000031193


0.000020481











0.000012205


0.000070593


0.042545070




0.003875818

0.000141639

0.000025039

0.000008181

0.000006316

0.000013301

0.000012884

0.000011844

0.000005490

0.000004557

0.000011601

0.000014468

0.000005192

0.000012833

0.000010380

0.000004303

0.000003340

0.000957259


0.000013694



0.000085857


0.000094596







0.000082142



0.000008724




0.000059929












0.000969710



0.000147933

0.000136260


0.000028876


0.000024960


0.000018881



0.000062531

0.000087397

0.000015182

0.000016355


0.000009333


0.000012904

0.000016016


0.000016109

0.000050019

0.000020062


0.000012168

0.000066399

0.000078341

0.000110601


0.000012007


0.000014227


0.000014336


0.000071382


0.000016315

0.000024125


0.000101897


0.000097898









0.000053720



0.000079840


0.000041250


0.000163848



0.000089749


0.000019646


0.000025382

0.000141362


0.000026119


0.000130659

0.000164043


0.000023041

0.000019719


0.000034697

0.000037151


0.000034834





0.000092590

0.000039748





0.000075304


0.000021592



0.000059040

0.000193170


0.000022144



0.000100181


0.000018280


0.000051524



0.000134566


0.000124521


0.000021459


0.000019703



0.000027082







0.000050183


0.000009127






0.000011009


0.000009941

0.000013545


0.000038763









0.000070948


0.000007200


0.000074439

0.000081864


0.000010337


0.000087967


0.000058849

0.000070200


0.000010399





0.000047797


0.000011520


0.000059386

0.000010651


0.000016785


0.000011801




0.000054788

0.000006770




0.000057600


0.000024150


0.000058818





0.000398795

0.000083942

0.000011287


0.000057063


0.000085066

0.000011642



0.000060360


0.000006666


0.000006369


0.000010182


0.000010164


0.000010276


0.000060221


0.000089322


0.000070596


0.000029777


0.000027296

0.000022214



0.000061774




0.000052541




0.000054862






0.000010840

0.000010548

0.000104433

0.000014460

0.000011618






0.000042088

0.000014311



0.000106507


0.000056744

0.000070766


0.000007582

0.012893304
0.001788781


0.000183673


0.000138649

0.000155207

0.000192152


0.000132929

0.000033613

0.000033662


0.000019488


0.000019630

0.000033714


0.000032781


0.000129994


0.000033188


0.000182033


0.000034017


0.000122750

0.000049786





0.000061058


0.000020116



0.000099100


0.000172529


0.000025421












0.000049585
0.000142443


0.000017272



0.000082918

0.000028972

0.000114264


0.000026969


0.000025337

0.000131946


0.000140984

0.000170194

0.000165279



0.000108331

0.000029506

0.000024788


0.000028459

0.000031684





0.000063304


0.000046809


0.000033849



0.000099944

0.000037164



0.000134731


0.000167931

0.000178937


0.000021863






0.000035591

0.000035023



0.000143321





0.000047438

0.000037663





0.000055917

0.000035046



0.000141727

0.000036341

0.000132556



0.000121996






0.000098050


0.000023970




0.000075248

0.000034596


0.000145429


0.000017954

0.000035978

0.000034819



0.000070119


0.000034718

0.000153984


0.000121398


0.000041784

0.000037387


0.000019990

0.000150481

0.000170267


0.000128120

0.000167571

0.000145168

0.000175569



0.000129450

0.000180463

0.000190068

0.000038046

0.000047113

0.000129041

0.000032330


0.000031911


0.000118629


0.000022895


0.000020440


0.000019028


0.000018334





0.000124759


0.000150480


0.000033818


0.000128325


0.000020791


0.000019825


0.000032835


0.000129622


0.000025024


0.000013899


0.000019094


0.000032827


0.000025462



0.000137273

0.000168710


0.000032745


0.000135412


0.000033045


0.000019500


0.000176193


0.000029469

0.000033350


0.000032929


0.000032859


0.000107262


0.000180303



0.000117905


0.000020873


0.000023527


0.000042475


0.000020344


0.000025142


0.000041899


0.000102058







0.000036808


0.000025255


0.000048110




0.000124898




0.000108409


0.000020526


0.000034932


0.000123728








0.000053772


0.000020272


0.000025554


0.000016084




0.000038341


0.000015268


0.000031938

0.000178947



0.000113080


0.000135363


0.000168708








0.000041906

0.000040100




0.000125215


0.000022778

0.000034047



0.000078476


0.000025362

0.000034042

0.040170669


0.002112416

0.000027007

0.000011433

0.000006972

0.000012324

0.000004671

0.000013128

0.000004249

0.000012489

0.000011658

0.000026188

0.000010322

0.000020281

0.000008961

0.000007874

0.000015894

0.000018880

0.000130914

0.001043510








0.000025547
0.000027931

0.000010965


0.000012645


0.000018794

0.000044056


0.000070383










0.002991871
0.002986981
0.002988124
0.002981693
0.002981889
0.002982353
0.001702495
0.001699745


0.002242982






0.000054528


0.000020124


0.000009266


0.000015496

0.000024551



0.000131121








0.000117655


0.000016824


0.000098091




0.000064866


0.000046168


0.000014303


0.000007501


0.000010294




0.000024915


0.000010768


0.000071398













0.000019324


0.000061748





0.000043624




0.000085526


0.000008452


0.000009453
0.000014520




0.000055190



0.000010765

0.000028380





0.000150104

0.000022613


0.000007653
0.000070894


0.000055667


0.000007149




0.000017774


0.000043217







0.000068200

0.000012526


0.000064941


0.000011344


0.000051935

0.000083542

0.000202146


0.000010982




0.000033484

0.000021827



0.000141447

0.000026950




0.000059469

0.000013623

0.000070242

0.000076042



0.000089002

0.000022864

0.000032963






0.000111185


0.000015770


0.000026786







0.000090107




0.000057543

0.000014573


0.000076090





0.000058715



0.000032057

0.000016940







0.000065816

0.000040455







0.000056650


0.000022036



0.000078247


0.000022976










0.000026374



0.002960024

0.000049140






0.001962633


0.000029577




0.003879388

0.042139408


















































0.002076899

0.000076037






0.003909648

0.000049226






0.002546202
0.000053221









0.004946574
0.000105652




















0.002114998
0.002099236
0.000021442
0.001990232
0.001978776
0.000012293

0.005787366

0.043063523

































































0.002592105




0.000082693





0.002215720
0.002186787
0.000024284





































0.001433245

0.000064681







































0.002311241








0.001402421
0.001768758
0.001776011



0.001084422

0.000051062

0.000060367



0.000029627



































0.002057160

0.000066202



















































0.004079903


0.000029283





0.003625090
0.037384150

0.000038787

0.000083362






0.001926501

0.000036127











0.005331258
0.006675712
0.006685075






0.000046919
0.001511559
0.001468455
0.034410241

0.000062453

0.000034381

0.000046050








0.006837770
0.006999717
0.006980164
0.006934672
0.007098601

0.000027865

0.000032333

0.000026327


0.000036963
0.042538757













0.002700437
0.002723544

0.000035846








0.000867440
0.001229384
0.001331612
0.001115744
0.001083579
0.001245605
0.001302698

0.052972344





0.000039185

0.000049449

0.000042214
0.040197250
0.042191393
0.042774772
0.047600275
0.043840746




0.002054562

0.000058982
































































































0.008424701




0.000064636

































0.001405430
0.001933736
0.001890396
0.000022650
0.001467361
0.000015078
0.001231975
0.001927702
0.000046400
0.001754307
0.001922883
0.000033005
0.001216440
0.000023725





























0.002452346
0.002582395
0.002692386

0.004399794


0.000070717

0.000028917



















0.002580521



0.000050443





0.003599729

0.002188648


0.000064042

0.000050691




0.002057544



0.000062958






























0.035448358

0.000038485









0.005073163
0.005064503
0.000026589
























0.004675950



0.000050679


























































































0.009532356
0.009526362
0.000029429










0.001402240

0.000030165














































































































0.003171026

0.000077069






































0.000050010

0.000559955

0.000050374

0.000584862




0.002145292

0.839670452

0.000033972

0.000035389



0.001684397
0.001652258
0.001635974

0.000023710

0.000018924

0.000024152






0.001985286
0.001904769
0.001977920
0.002574738

0.000067894

0.000037180

0.000050465

0.000049393










0.003814473
0.003772961
0.003740350
0.004022021
0.003656138
0.003957168
0.003739065



0.000050276
0.054505277
0.000040027

0.000038204

0.000042737

0.000035970

0.000034095

0.000048816

0.000052912














6.811222936
0.000036154



0.002441999
0.002449220


0.000060595




0.003583909


0.000025792














0.002087274
0.002103870
0.000029112

















0.002406979
0.002413360
0.002416758



0.003606675


0.000078565

0.000060078









































0.002714460


0.000063867















0.002094567

0.000067347

















0.002244323
0.002445906
0.000059837



















0.002264900
0.001978103
0.000039745














































































































0.002093324
0.002415622
0.000038473


































0.005274554
0.008567390
0.000060419

































































0.003596441
0.003513432


0.000030930

0.000034948


0.002015090

0.000074440




















0.002175738


0.000073720








0.206869794





0.040700778






0.000050107

0.000736606










0.002053577

0.000059972


















0.845270744




0.000057985



















0.001973269
0.001247731
0.001518034
0.000039170







0.003433095
0.003431443
0.003007117
0.000022816
0.002478059
0.000014423












0.003964528
0.003934858
0.003713912
0.000013498
0.003996796
0.000021574

0.000975387

0.000062284















































































































3.151338390
0.000054079
4.177027837
0.000064933

3.214914770
0.000048086



1.497392792

1.498331310


0.000073257


5.912668198
0.000048417









6.681185714
0.000053007
6.678233213
0.000017333
6.677670791
0.000014089
6.676628733
0.000013625
6.679722573
0.000045184






6.934959365
0.000066478
6.931855289
0.000027382



























0.002097441
0.000096801

0.001026949









0.000058491

0.002220716
0.002861463














0.002127817

0.000058763
































0.000907789





0.000060419





0.002034129
0.001749181
0.002038468
0.000008452
0.001772555
0.000005065











0.002263675

0.002284876
0.000703880

0.000080139












0.001131345
0.000037858

0.001820259




0.000063744


0.000877074


0.000991750
0.000857179

0.000547610

0.009914995


0.000035944

0.000717153
0.036187514






















0.004897484
0.004886564




0.000068494




0.002135386

0.000068380










































0.016229557





0.026426727

0.046736277

0.000034740

0.004085156

0.000059098


0.005031615

0.000062002









0.002702764
0.000060937

0.001974958








0.000065023


















































0.003064240



0.000057269


0.005092024

0.000064261








































0.010090754
0.010095379

0.004803668


0.000051203





































0.010400049

0.000087040




0.007968757

0.000082141





0.004830184
0.004811345
0.000027804
0.008703155
0.008710776
0.000025286

















31.522855349
0.000095759

0.002034258


0.000088762















0.006095668


0.000062115





0.009555448


0.000043848















0.003690069

0.043396978




























0.006925388

0.000061937



0.005100903



0.000076509

























0.003750395
0.004586461
0.000060767








0.004781693

0.002560882


0.000063302

0.000106999









































3.231095087

3.232149068


0.000063650




0.003016238



0.000059028



0.003349234

0.000047361











0.003178746
0.003465387

0.000061907























0.002249278

0.000039971

















0.003446940
0.003969539



0.000058585











0.003058527
0.003041687
0.003831821



0.001960892
0.000042664

0.000965146

0.000060857


0.000057936

0.000742100



0.001436234
0.001741526
0.002057860

0.043476047

0.000061062














0.001574188

0.000069671





0.000850714
0.000055889

0.000954845









0.000072122

0.001612526

0.001012511

0.041754743
















0.001561530



0.000056661


















0.005105224
0.005106483

0.000059584




0.001246547
0.001798464





0.000049194





0.000959043
0.000051328
0.001458782
0.000038530

0.001280655

0.001168800


0.000031654

0.000007070
0.004235010

0.001096557

0.000833165


0.001835785
0.001815026



0.000062957

0.000039876


0.000036971


0.000049275


0.000037891


0.000067077

0.000062456


0.000020299
0.040955819

0.000027193

0.000009395


0.000022233


0.000050192


0.000035637

0.000046011

0.000055640


0.000020092


0.000040482


0.000034619


0.000033567


0.000035723


0.000042819


0.000023516


0.000019879


0.000020901


0.000036608


0.000043158


0.000033823


0.000019912


0.000039750


0.000032685


0.000034521


0.000036581




0.000108301


0.000035012

0.000131448








0.000024168
0.000108643

0.000024686


0.000023494








0.000061782

0.000032532

0.000022775


0.000013034


0.000021924


0.000019172

0.000128501


0.000082001


0.000111773

0.000134549


0.000113076




0.000081153

0.000022791


0.000073064


0.000018609


0.000012997

0.000026682

0.000072528


0.000021843


0.000067141


0.000019089


0.000015283


0.000021798


0.000021877





0.000043347


0.000013003


0.000021864


0.000030734


0.000067188








0.000025193


0.000022776




0.000028264
0.000090105


0.000015727





0.000036816


0.000013688



0.000049202





0.000049690


0.000072947

0.000026199


0.000118830


0.000081665



0.000045822


0.000013421





0.000027661


0.000022701


0.000013290


0.000112333

0.000024538


0.000015473


0.000027593


0.000022489


0.000021919


0.000021825


0.000022090


0.000022318


0.000071660


0.000048328


0.000021926


0.000022833

0.000071638

0.000069498

0.000022401

0.000021990

0.000022242


0.000022153


0.000037935

0.000017229

0.000034819


0.000079529

0.000031965



0.000055124

0.000022051

0.000068566


0.000013127


0.000023671

0.000159659


0.000074482


0.000014140



0.000040449

0.000153698



0.000090252

0.000037720

0.000034151




0.000066190


0.000017346




0.000038637


0.000045596


0.000029676


0.000043346









0.000035555


0.000025113





0.000036611

0.000096550




0.000051650


0.000010389






0.000016108

0.000050749

0.000051001

0.000014653



0.000073688

0.000012045


0.000034503


0.000005908


0.000024565

0.000015117

0.000016056

0.000042692

0.000047306

0.000069829

0.000037907

0.000044847


0.000069677

0.000183332

0.000049229



0.000079347

0.000029590

0.000143275


0.000024631




0.000051585

0.000112451


0.000066807


0.000036746


0.000027940


0.000087194
0.000149695

0.000039118

0.000050872

0.000035388

0.000114395


0.000033929


0.000045353


0.000064245

0.036809698

0.022581289
0.005433769


0.000110944



0.000057169


0.000039952



0.000059591



0.000123688



0.000117066



0.000091797


0.000033564


0.000032711


0.000100098


0.000104217


0.000128324

0.000113352

0.000040378


0.000033153


0.000033036


0.000033258



0.000063531


0.000021572

0.000143123

0.000148082



0.000104951


0.000032851


0.000146972









0.000040430
0.000143194


0.000043769


0.000035814

0.000082348


0.000024709


0.000045712




0.000055663





0.000055977

0.000034087


0.000097751


0.000134406

0.000133324


0.000041304

0.000125858


0.000114477


0.000034013










0.000038210

0.000143258


0.000020788


0.000036618


0.000040910


0.000025224




0.000093650


0.000138770


0.000033099




0.000102849



0.000068465








0.000057065

0.000046121








0.000049045
0.000130182


0.000020195



0.000058661

0.000034092




0.000086312


0.000036958







0.000046507

0.000033449



0.000083338

0.000160547




0.000060179

0.000035496


0.000043229


0.000071045


0.000100635

0.000032940

0.000125108


0.000106218



0.000080961


0.000021447

0.000082174





0.000060566

0.000038391




0.000050004


0.000039488


0.000102415

0.000145344


0.000029689


0.000033835


0.000094531


0.000104585



0.000107870


0.000033828


0.000067037


0.000034199


0.000058945


0.000034377





0.000075193


0.000043954





0.000073746


0.000020907


0.000033255


0.000093030

0.000033116


0.000089401



0.000066494


0.000031112


0.000019896





0.000039564


0.000032861


0.000043621








0.000038515


0.000043159

0.000168686




0.000118146




0.000021262


0.000022961

0.000064858





0.000072265


0.000044491

0.000120886




0.000037945


0.000044749








0.000035190
0.000193847

0.000043186

0.000114675



0.000039006






0.000036488


0.000014347


0.000037319

0.000011191


0.000012900


0.000024785
0.000020160


0.000034350
0.000052009

0.000014598

0.000008919


0.000016091



0.000048522


0.000022646


0.000088067





0.000061351

0.000037819






0.000064960









0.000049919


0.000017894


0.000017196


0.000014480


0.000017941




0.000047080


0.000048620


0.000014521





0.000035383


0.000011830









0.000013172




0.000039335


0.000010741

0.000035183



0.000055933


0.000011948














0.000010711

0.000024586


0.000029039

0.000026049











0.000014921


0.000054694

0.000024735

0.000056009

0.001153821

0.000162274

0.000027952


0.000056327

0.000034188










0.000039445








0.000088925


0.000025113


0.000010496








0.000028631


0.000027196

0.000044633










0.000022036


0.000074322


0.000016954



0.000034003

0.000026087


0.000008491







0.000009375




0.000037696


0.000045131

0.000129304

0.000078310


0.000120847

0.000134905




0.000115861

0.000037681

0.000049032

0.000044634

0.000051415


0.000066192




0.000031914
0.000130400

0.000073064




0.000020548
0.000099708

0.000043953

0.000111332

0.000030010

0.000046500



0.000008046
0.000064127


0.000067597


0.000091312


0.000035268



0.000044146


0.000032418



0.000018586


0.000012692




0.000009280

0.000025481



0.000060382


0.000006554

0.000003754



0.000010833



0.000008762



0.000055426

0.000027852


0.000027332




0.000022543

0.000047391


0.000053725

0.000045615

0.000012470


0.000022892








0.000019978


0.001278744


0.000041241

0.000134563


0.000008209

0.000005564






0.000020306


0.000080509


0.000017303


0.000012679












0.000162058


0.000014921


0.000044491









0.000025238




0.000112240


0.000027674


0.000009662


0.000047309


0.000006187








0.000017061

0.000025038


0.000027634


0.000006635


0.000034881


0.000009290










0.000028615


0.000009878





0.000024714
0.000036762

0.000119470

0.000110745


0.000016802


0.000037022

0.000030267

0.000021853

0.000036546


0.000029992

0.000082284

0.000087698

0.000045287


0.000054781

0.000036937


0.000071960

0.000042988

0.000109587












0.000047516




0.000066596




0.000034692

0.000019759



0.002128194





0.000057217

0.000013441











0.002994238

0.003036261
0.003031330
0.003035374
0.000810403

0.000060230









0.002617104
0.002622624
0.002867504

0.002795743

0.004073076

0.001062598

0.000867570
0.000024273

0.001013152




0.000971288
0.000041122

0.000959613

0.000031711

0.000060389

0.000045465


0.000050837

0.000064789


0.003387199
0.001456109

0.000063562

0.000047649



0.010814592
0.010717236

0.000050923








0.000093525





0.001108473
0.000017960

0.003547129


0.000027046

0.000809118


0.001028416
0.000955253


0.000112824

0.000760657

0.006053474
0.038127581

0.000048070















0.001044088
0.000044863

0.001242969


0.000989209
0.001240478







0.000060446









0.002509770
0.000031113
0.002228794
0.002222855
0.001945179
0.000013546
0.001018721
0.000017735

0.000953121




0.000063643

0.000062944

0.000013730



0.002813622
0.003083122
0.003373171


0.000073367



















